1 
99 15 
14 20 82 
1 75 35 98 
19 54 61 33 94 
26 5 49 12 83 61 
21 81 73 89 79 72 43 
89 98 80 31 88 63 31 79 
76 53 70 36 81 52 87 38 5 
8 77 65 80 34 23 94 26 96 77 
94 29 47 16 32 42 59 28 61 91 63 
0 93 79 52 66 49 92 40 9 94 57 18 
22 81 36 63 81 64 59 11 76 82 94 56 65 
62 24 92 26 74 64 96 22 2 98 39 1 67 65 
3 54 39 33 60 66 90 90 35 68 54 1 85 50 6 
18 64 40 9 83 77 66 65 59 78 19 20 8 59 1 82 
35 89 67 13 12 70 89 38 0 48 69 16 18 53 77 18 74 
90 88 54 57 87 69 78 1 21 78 53 30 5 42 22 11 74 89 
23 20 66 69 66 92 85 92 95 37 1 4 78 65 60 71 19 77 82 
9 37 39 25 89 11 91 4 65 11 99 59 89 41 40 9 84 8 31 55 
