25 
63 95 
56 34 57 
22 54 45 76 
70 80 51 90 73 
32 52 43 3 6 46 
6 70 17 27 75 50 34 
38 56 43 72 90 40 2 30 
65 9 42 64 97 48 92 66 78 
12 26 47 2 66 44 23 68 75 65 
57 31 5 20 26 93 82 28 84 55 41 
39 7 52 48 33 78 35 27 72 97 98 74 
80 90 19 88 3 76 83 40 78 7 69 17 19 
53 5 93 19 31 25 3 16 55 65 99 39 68 72 
32 33 80 60 16 7 81 11 90 50 9 64 8 92 94 
23 63 43 1 3 1 88 85 73 21 31 58 82 81 28 37 
63 16 64 5 45 36 97 2 95 53 83 9 48 30 1 83 40 
84 58 2 80 59 63 14 66 73 1 73 44 30 49 42 5 85 46 
97 27 1 31 60 5 2 74 39 42 8 71 85 81 29 70 18 95 15 
60 2 53 58 72 80 43 86 49 22 66 91 62 70 34 12 56 73 89 47 
74 1 6 98 66 71 83 94 46 76 83 67 67 63 26 4 10 44 72 16 54 
62 15 63 17 65 57 11 95 83 82 87 19 98 47 27 71 29 31 10 69 58 43 
77 2 2 42 86 24 63 92 77 90 30 33 9 5 20 95 36 41 79 5 64 26 71 
61 0 76 24 42 48 36 93 61 45 28 97 49 2 33 18 28 60 63 82 72 21 64 85 
88 9 27 14 14 33 45 31 68 45 70 32 31 7 63 59 32 40 48 87 63 50 9 39 25 
62 95 83 31 41 20 61 87 54 57 84 98 34 93 16 47 38 47 80 6 70 36 89 84 30 91 
48 84 76 59 15 56 71 87 6 55 36 60 64 88 45 98 36 83 81 93 46 46 36 77 4 0 74 
22 77 52 78 65 66 24 24 28 18 52 3 85 36 17 91 6 31 84 86 2 79 82 14 20 82 23 65 
51 72 2 82 74 90 48 22 46 45 51 21 63 38 21 73 22 24 98 36 3 73 95 80 75 72 54 49 46 
71 52 22 26 56 69 85 87 43 44 34 57 58 1 81 80 87 1 60 14 22 83 37 86 65 2 56 61 79 55 
25 3 70 1 46 66 97 18 91 29 41 48 53 74 60 25 24 72 66 88 15 64 4 67 26 96 73 81 33 94 12 
22 16 31 41 74 58 64 25 29 55 64 14 32 19 77 58 97 6 74 69 51 92 80 30 91 78 16 71 13 87 20 11 
36 54 83 61 69 38 48 10 36 90 92 87 81 69 48 24 36 72 24 41 93 35 25 24 26 59 54 5 54 42 39 27 65 
28 65 45 43 76 0 80 62 77 28 16 36 67 71 49 51 35 7 38 7 61 37 26 84 69 28 27 6 49 29 10 14 11 97 
87 59 10 22 54 3 93 52 63 53 16 25 3 18 74 15 0 4 79 68 22 44 59 58 41 73 16 10 84 56 22 92 85 45 94 
22 32 67 52 85 73 30 72 61 34 24 41 90 48 60 65 3 11 73 9 47 0 34 73 93 95 34 79 95 40 32 19 83 91 41 53 
61 92 89 64 90 31 4 10 24 55 42 76 49 45 41 74 25 98 16 94 10 73 93 22 99 55 24 89 38 37 38 53 10 2 53 40 45 
55 86 81 50 14 6 34 62 23 77 8 67 47 38 97 4 16 34 28 2 25 1 5 67 20 21 78 59 62 55 29 76 50 77 84 68 79 42 
21 73 73 88 75 93 3 22 39 0 51 71 44 62 13 34 71 83 14 84 96 14 31 90 56 61 35 36 17 76 41 33 96 97 39 73 15 96 62 
78 10 46 62 94 69 15 41 23 64 7 50 35 89 89 69 58 27 56 0 50 72 20 20 48 51 56 73 83 17 94 67 7 59 60 72 57 98 45 51 
95 59 58 21 88 73 38 49 35 81 38 60 17 38 69 61 17 18 59 44 24 4 73 90 54 80 86 8 22 40 65 94 11 52 78 53 69 8 87 19 39 
83 9 91 48 65 68 53 3 90 51 50 99 21 74 75 79 92 38 73 91 15 0 89 39 67 0 24 60 70 38 89 12 35 79 73 55 28 98 90 77 84 76 
46 7 12 1 99 72 34 61 27 27 49 53 29 87 76 94 78 76 3 75 58 26 48 61 31 38 3 32 5 64 93 77 72 62 97 42 97 67 91 70 16 91 34 
50 69 55 50 43 83 94 48 92 64 42 59 92 40 2 6 7 17 23 34 86 85 18 20 6 78 75 14 38 96 79 95 77 71 37 84 2 22 42 27 16 96 47 52 
83 66 91 68 48 91 51 28 80 93 98 86 43 40 7 75 91 27 96 52 97 24 78 29 77 11 62 30 32 84 16 83 98 93 73 89 31 35 15 57 43 81 73 81 63 
14 37 53 12 20 97 47 45 98 8 70 92 73 85 55 43 36 44 2 82 71 22 35 96 83 85 38 17 71 73 93 11 40 4 80 8 67 3 98 5 18 48 40 22 49 60 
58 35 97 13 50 37 2 86 35 0 53 47 82 0 1 74 70 26 97 91 89 46 5 34 22 69 58 73 49 71 53 7 86 79 2 32 14 10 26 30 75 83 75 42 53 9 49 
33 49 25 72 39 64 35 66 9 78 47 50 5 51 47 15 21 69 24 82 2 83 84 61 70 9 95 20 23 18 23 83 50 83 29 57 30 37 56 99 34 74 15 7 31 24 40 82 
19 26 24 98 51 0 71 90 20 35 76 9 45 58 70 78 7 99 51 52 47 17 74 3 22 47 17 95 75 0 65 18 91 66 16 74 92 73 18 6 89 10 58 89 69 51 13 95 72 
84 8 56 52 69 83 19 81 97 14 31 53 69 39 22 3 22 80 66 13 45 42 85 99 60 35 44 80 19 74 13 63 64 2 16 13 32 62 27 55 36 13 83 0 84 31 90 94 6 45 
29 61 86 78 52 37 90 76 91 3 68 57 8 79 36 17 25 1 96 34 30 19 84 39 56 2 61 13 70 42 41 91 57 76 55 69 76 84 79 77 60 88 69 49 95 54 12 56 48 50 13 
63 76 77 83 5 81 39 26 87 82 90 64 67 88 30 16 39 54 1 42 29 12 42 18 79 72 48 32 54 14 32 43 80 53 23 8 77 78 88 15 95 98 88 40 39 1 70 17 66 15 22 8 
41 25 11 32 94 29 22 24 59 73 26 1 51 22 74 60 46 54 48 29 94 50 3 56 27 37 69 88 85 5 68 17 10 96 84 33 74 74 3 9 83 18 11 3 6 42 30 8 42 28 4 65 15 
76 30 35 12 50 76 67 21 81 97 62 62 91 62 31 65 81 63 11 33 94 85 48 89 68 87 21 84 64 92 38 93 18 39 30 85 13 89 79 27 36 63 40 11 12 97 63 48 9 55 58 83 85 65 
1 32 71 46 45 3 70 46 37 36 96 32 11 5 74 38 24 54 37 10 57 22 95 7 22 44 58 54 91 14 19 52 25 25 37 78 97 14 43 36 43 65 47 72 26 90 64 66 16 63 93 55 38 59 63 
15 97 37 93 21 47 93 88 26 84 60 6 0 73 34 54 88 17 73 41 44 13 37 13 39 44 50 43 8 83 86 3 53 83 61 70 96 64 69 6 92 17 64 3 7 73 78 61 80 36 79 74 91 11 79 63 
49 12 23 0 89 46 84 27 7 20 8 75 9 30 81 60 29 84 25 76 30 66 43 98 38 0 30 38 56 69 39 1 3 35 29 76 16 73 56 58 65 46 45 42 27 47 88 73 63 3 59 93 24 39 80 47 88 
62 95 89 16 30 98 56 35 53 10 55 64 84 51 28 80 15 93 36 44 67 67 35 6 56 6 2 75 19 59 0 43 82 62 14 93 38 50 31 63 4 66 2 51 25 58 85 78 0 60 29 52 38 95 95 75 80 88 
78 57 81 28 78 52 34 30 89 34 73 68 47 82 12 21 64 27 10 71 62 79 10 34 48 77 14 55 75 30 28 76 34 96 76 17 41 27 56 6 65 79 57 80 79 84 92 54 20 86 86 6 13 99 14 14 26 32 65 
12 93 43 44 33 34 69 27 13 97 86 77 61 15 22 75 73 76 8 39 22 59 58 23 96 31 89 81 70 67 87 7 54 71 12 63 18 32 45 48 18 42 17 86 19 68 44 12 20 15 48 31 87 33 50 8 87 43 69 74 
94 90 55 84 70 42 84 84 58 29 92 26 92 10 46 43 18 98 94 24 10 85 66 13 5 18 83 6 84 29 61 70 37 53 92 56 71 22 52 45 44 20 85 64 99 29 89 49 35 91 53 91 28 56 56 99 22 29 90 86 2 
20 86 41 0 73 30 69 20 8 29 53 62 43 86 87 15 13 59 15 19 7 62 80 40 27 75 33 25 39 38 74 42 23 77 71 96 22 67 48 2 46 85 91 33 76 96 23 59 7 20 13 89 76 76 40 88 24 7 87 7 22 54 
1 96 56 9 43 77 17 24 75 1 10 50 75 77 24 18 95 41 6 78 42 78 58 67 30 61 94 4 7 96 77 41 85 52 75 4 45 72 71 89 73 14 95 99 84 55 33 73 84 27 61 44 63 54 12 56 46 11 63 64 28 86 46 
46 1 85 68 92 35 33 46 58 4 4 80 3 14 49 69 85 68 17 65 19 11 17 46 76 73 86 58 18 64 81 77 55 29 82 73 47 80 4 67 71 99 78 29 94 36 74 87 66 42 76 86 32 67 76 64 37 66 50 84 86 62 22 25 
67 29 69 68 37 38 21 16 25 84 45 49 1 75 90 50 65 59 13 45 9 52 99 86 69 6 72 25 95 58 61 94 64 38 35 9 92 66 23 25 44 14 65 82 57 25 51 37 61 1 40 53 55 56 93 58 84 27 74 74 22 40 76 98 95 
27 49 30 75 33 78 43 25 95 57 40 31 18 19 14 34 84 96 90 73 92 24 74 51 55 29 86 13 52 20 22 6 17 39 56 26 95 94 95 90 14 96 87 11 67 19 68 76 1 42 89 35 19 37 12 79 8 49 79 61 21 57 26 30 69 49 
69 31 66 80 11 96 79 84 91 29 67 81 91 22 20 61 97 32 80 9 3 82 32 29 53 55 15 51 46 71 90 96 69 72 80 54 38 20 31 64 78 18 47 36 74 86 18 23 1 33 8 16 21 94 72 65 14 11 45 13 95 36 93 31 64 98 26 
15 26 2 94 19 25 70 69 39 15 95 4 33 68 82 75 94 58 62 56 6 19 77 18 3 0 61 25 97 15 31 52 68 4 0 73 76 56 51 42 81 38 48 39 26 59 11 14 92 53 18 59 79 94 12 87 79 72 70 98 96 68 35 4 40 75 52 32 
50 96 91 47 2 42 59 24 40 99 18 70 60 72 22 68 60 67 80 55 69 42 80 21 18 42 80 30 72 86 98 58 61 36 92 33 44 74 98 48 41 49 12 56 1 73 10 91 31 73 64 13 81 1 76 80 10 60 36 13 53 77 42 2 28 17 13 97 7 
29 18 20 46 92 91 35 65 13 65 72 85 82 89 60 82 1 95 95 51 97 60 65 70 98 47 78 24 66 0 44 64 78 69 16 25 16 56 16 85 40 85 61 13 45 34 53 95 6 10 46 43 68 5 59 27 58 25 44 52 1 44 47 41 21 75 94 34 81 42 
40 89 91 17 15 19 71 21 0 64 63 24 93 53 27 42 19 20 50 77 55 32 46 54 25 23 77 21 97 21 78 86 21 59 67 16 81 94 34 96 63 1 36 11 13 13 76 74 39 31 63 21 13 63 48 97 63 5 47 63 0 62 78 97 1 58 34 84 70 36 61 
52 41 66 65 40 73 67 77 39 83 45 96 59 24 72 43 9 37 41 81 25 82 64 70 6 23 27 62 56 39 90 17 19 41 70 7 8 31 43 73 99 91 51 43 44 63 13 18 24 20 18 15 64 61 23 37 58 59 93 25 91 86 12 13 16 75 68 67 30 73 97 98 
36 63 51 66 70 37 64 9 98 82 61 58 74 3 39 98 28 23 24 56 2 87 38 38 19 69 22 93 81 62 23 38 50 84 59 80 0 46 80 17 27 40 98 50 23 8 96 73 91 41 69 70 21 94 57 38 81 19 88 16 63 16 78 29 90 22 84 5 62 26 84 84 22 
38 38 84 55 86 59 14 57 20 10 71 87 58 51 10 42 14 49 93 66 26 87 0 8 95 97 21 27 10 18 53 76 99 55 27 63 72 71 65 7 50 57 63 63 18 73 82 85 63 3 78 7 35 66 81 50 24 20 96 85 26 52 30 95 86 51 26 1 87 26 13 56 64 91 
94 70 79 24 2 0 76 95 83 32 96 78 76 28 52 7 39 50 33 62 25 31 76 9 21 54 73 71 27 20 16 26 57 9 14 90 83 71 37 31 7 66 64 68 0 33 38 39 33 71 11 31 98 63 40 48 47 71 67 78 66 63 5 41 99 82 80 99 55 90 89 52 23 74 69 
35 40 80 4 92 98 17 47 34 16 90 38 71 85 4 28 67 34 59 49 20 74 97 46 24 36 28 33 94 43 13 0 93 64 61 94 77 67 49 75 37 95 33 81 9 57 81 89 41 12 63 94 5 29 53 16 69 15 47 61 76 0 19 63 47 0 63 23 74 23 41 84 66 5 43 48 
30 78 62 22 87 52 36 28 51 60 44 9 63 40 19 54 47 41 56 12 84 95 89 38 34 73 79 16 48 92 40 79 23 44 99 17 59 71 8 12 73 36 23 55 44 56 95 29 15 12 2 93 60 61 5 41 56 1 28 48 43 30 44 89 56 21 57 54 87 50 35 62 96 58 31 4 25 
19 95 10 69 16 46 8 34 62 10 2 26 75 9 53 68 13 3 65 80 34 84 17 71 16 0 12 2 90 86 6 99 40 58 64 11 40 66 6 84 31 38 33 63 41 6 92 44 37 39 19 23 13 29 89 98 86 31 22 77 9 51 82 92 70 65 29 76 58 0 63 93 72 93 69 12 77 16 
78 30 33 1 67 78 32 37 48 71 67 72 7 71 64 19 27 17 41 0 16 4 48 95 84 80 0 88 4 6 47 82 98 79 13 85 59 90 38 27 14 34 52 70 84 50 24 67 77 70 46 90 12 15 65 30 78 33 47 4 90 20 88 38 59 17 51 58 42 30 96 87 40 50 16 66 94 1 93 
9 14 43 70 27 46 87 99 38 52 85 76 37 20 27 57 74 79 64 81 18 11 70 70 26 97 99 86 60 60 82 84 64 96 99 76 43 42 92 95 20 23 89 23 94 49 19 2 7 73 38 28 13 34 95 73 21 76 73 78 65 81 33 90 30 72 67 64 56 88 16 71 19 96 56 41 45 60 24 45 
89 78 54 3 10 17 79 68 43 75 1 48 90 97 40 47 23 15 99 81 75 50 74 14 61 33 28 79 94 36 52 29 68 21 88 6 21 10 34 83 24 34 96 99 71 3 84 17 17 51 93 2 78 21 70 31 76 69 62 39 27 73 51 28 56 53 71 18 70 17 28 14 1 43 89 42 33 82 46 95 1 
56 28 60 15 73 77 38 16 44 82 52 57 89 22 0 44 37 64 95 41 8 14 79 70 13 51 65 32 63 71 25 76 71 32 51 44 30 48 96 34 95 30 46 5 72 12 6 90 31 64 54 1 64 83 42 37 51 54 25 32 77 2 92 87 76 42 66 56 84 10 75 84 73 72 42 80 55 81 19 67 92 27 
44 35 60 75 76 50 63 43 26 6 38 29 21 99 13 62 71 38 63 64 80 83 75 91 44 8 1 36 98 37 86 67 33 4 89 9 97 61 46 66 60 56 22 32 38 38 5 80 39 57 36 62 88 4 87 42 93 42 60 4 69 37 43 4 77 87 15 47 68 32 46 43 80 81 75 72 78 64 80 20 46 34 23 
16 58 88 5 84 3 23 82 62 25 41 19 11 74 30 50 94 33 33 5 63 27 36 21 8 90 80 94 83 64 14 73 13 95 10 97 65 40 82 62 92 43 79 42 28 51 11 28 31 17 51 86 47 31 62 64 4 82 58 80 69 77 4 11 96 50 1 40 50 68 94 73 27 44 88 81 41 23 64 43 79 55 3 60 
18 92 24 32 37 44 5 45 68 10 79 13 94 9 85 97 33 64 77 97 36 45 32 72 71 20 37 4 8 38 38 2 29 12 72 73 89 13 42 20 15 16 84 20 38 71 21 42 87 84 51 71 69 23 11 93 71 81 3 18 44 16 55 57 2 8 68 52 65 14 52 41 21 6 63 50 26 52 13 46 45 26 12 94 7 
25 21 5 24 30 65 32 89 66 42 93 63 92 28 67 44 63 84 91 48 63 99 8 5 44 22 15 46 18 79 58 30 8 9 97 8 7 17 60 51 48 46 14 33 11 15 47 16 39 77 70 87 47 56 33 47 39 72 26 70 92 55 78 4 29 67 85 77 88 22 7 71 21 87 27 29 62 81 31 14 57 86 33 55 21 28 
93 79 22 67 46 22 43 34 80 31 97 89 55 87 69 22 59 68 54 92 46 80 85 36 23 78 53 91 69 7 42 0 82 32 93 85 18 16 13 68 78 95 47 82 9 57 79 18 37 34 57 37 2 57 86 41 26 23 87 28 93 32 27 75 77 64 84 92 35 83 64 29 26 21 15 40 26 33 25 47 57 2 65 81 17 90 53 
27 19 59 75 63 7 33 71 94 88 15 51 78 1 98 51 13 63 44 78 15 54 76 88 0 98 57 27 33 35 74 44 37 53 90 48 58 15 13 55 85 20 61 39 47 55 26 75 55 31 49 7 45 38 89 66 63 98 8 36 94 3 45 97 78 27 56 89 82 99 28 23 72 25 62 50 84 41 35 47 18 75 92 0 6 45 54 16 
16 9 88 41 89 17 74 74 85 49 16 85 13 38 92 13 56 67 22 64 79 7 28 19 46 7 77 1 71 97 82 35 61 79 58 38 96 6 62 72 25 43 47 96 60 99 48 61 80 59 80 36 21 74 95 37 20 30 40 62 14 39 73 72 63 58 6 35 97 91 65 98 92 34 94 92 62 64 53 49 82 14 94 91 56 37 8 31 48 
21 76 10 60 49 9 93 1 75 58 31 36 96 94 84 11 31 81 19 87 71 93 6 5 55 29 9 74 37 12 80 49 10 60 34 46 27 51 95 58 59 46 25 9 89 15 82 79 66 66 68 20 26 17 21 11 38 13 13 69 50 66 34 1 73 69 48 42 5 89 66 41 31 48 51 59 69 84 42 78 51 77 30 69 3 60 98 2 48 39 
