339,299,153,305,282,304,313,306,302,228
94,104,63,112,80,84,93,96
41,88,82,85,61,74,83,81
90,67,84,83,82,97,86,41
299,303,151,301,291,302,307,377,333,280
55,40,48,44,25,42,41
1038,1188,1255,1184,594,890,1173,1151,1186,1203,1187,1195
76,132,133,144,135,99,128,154
77,46,108,81,85,84,93,83
624,596,391,605,529,610,607,568,604,603,453
83,167,166,189,163,174,160,165,133
308,281,389,292,346,303,302,304,300,173
593,1151,1187,1184,890,1040,1173,1186,1195,1255,1188,1203
68,46,64,33,60,58,65
65,43,88,87,86,99,93,90
83,78,107,48,84,87,96,85
1188,1173,1256,1038,1187,1151,890,1186,1184,1203,594,1195