302,324,280,296,294,160,367,298,264,299
521,760,682,687,646,664,342,698,692,686,672
56,95,86,97,96,89,108,120
344,356,262,343,340,382,337,175,361,330
47,44,42,27,41,40,37
139,155,161,158,118,166,154,156,78
118,157,164,158,161,79,139,150,159
299,292,371,150,300,301,281,303,306,262
85,77,86,84,44,88,91,67
88,85,84,44,65,91,76,86
138,141,127,96,136,154,135,76
292,308,302,346,300,324,304,305,238,166
354,342,341,257,348,343,345,321,170,301
84,178,168,167,131,170,193,166,162
686,701,706,673,694,687,652,343,683,606,518
295,293,301,367,296,279,297,263,323,159
1038,1184,593,890,1188,1173,1187,1186,1195,1150,1203,1255
343,364,388,402,191,383,382,385,288,374
1187,1036,1183,591,1184,1175,888,1197,1182,1219,1115,1167
151,291,307,303,345,238,299,323,301,302