140,151,143,138,99,69,131,137
29,44,42,59,41,36,40
348,329,343,344,338,315,169,359,375,271
48,39,34,37,50,40,41
593,445,595,558,662,602,591,297,610,580,594
686,651,681,342,541,687,691,707,604,675,699
180,99,189,166,194,188,144,187,199
321,349,335,343,377,176,265,356,344,332
1151,1255,1195,1173,1184,1186,1188,1187,1203,593,1038,891
90,88,100,83,62,113,80,89
308,303,238,300,151,304,324,293,346,302
59,38,50,41,42,35,40
352,366,174,355,344,265,343,310,338,331
91,89,93,90,117,85,60,106
146,186,166,175,202,92,184,183,189
82,67,96,44,80,79,88,76
54,50,58,66,31,61,64
343,266,344,172,308,336,364,350,359,333
88,49,87,82,90,98,86,115
20,47,49,51,54,48,40