159,79,177,158,157,152,155,167,118
1219,1183,1182,1115,1035,1186,591,1197,1167,887,1184,1175
611,518,693,343,704,667,686,682,677,687,725
607,599,634,305,677,604,603,580,452,605,591
682,686,635,675,692,730,687,342,517,658,695
662,296,573,598,592,584,553,593,595,443,591
180,185,186,199,187,210,93,177,149
197,136,179,185,156,182,180,178,99
271,298,218,279,285,282,280,238,140
1187,1151,890,593,1194,1188,1184,1173,1038,1186,1255,1203
169,161,177,192,130,165,84,167,168
50,42,43,41,66,39,36
590,669,604,579,448,599,560,299,601,597,598
174,191,206,179,184,142,177,180,90
298,299,297,306,164,285,374,269,329,295
181,172,162,138,170,195,86,169,168
1184,1197,591,1182,1186,889,1167,1219,1183,1033,1115,1175
644,695,691,679,667,687,340,681,770,686,517
606,524,592,576,628,593,591,584,296,444,595
94,127,154,138,135,74,136,141
179,168,172,178,177,89,198,186,137
302,299,291,300,298,149,260,305,280,370
678,517,670,686,682,768,687,648,342,692,702
302,290,304,376,333,303,306,298,279,153
95,102,109,54,96,75,85,97
150,154,146,78,152,151,162,173,119
150,143,157,152,184,112,154,151,132
36,41,54,40,25,44,42
37,48,34,59,39,41,40
681,603,638,611,584,303,454,607,606,605,596